25
5
5
7
1 11 0 0 0
3 4 0 0 0
4 7 0 0 0
4 5 0 0 0
11 4 0 0 0
4 10 0.009 35 6
11 3 0.001 60 8
2 3 0.01 58 11
11 9 0.008 1001 9
8 4 0.007 10 1
11 7 0.006 999 5
7 4 0.005 888 6
7 8 0.004 445 3
8 6 0.003 300 4
10 9 0.002 250 5
7 9 0.0035 700 1
9 9 0.0022 4 3
1 4 0.0055 1000 5
9 1 0.0066 444 9
3 3 0.0044 853 4
11 10 0.0033 993 11
4 11 0.0022 74 9
6 2 0.0057 632 10
5 9 0.0047 215 7
3 7 0.0096 562 8
8 70000 10 25 30 0.01 0.04 30 2 100
4 75000 20 25 30 0.01 0.04 60 4 180
1.4 35000 30 25 30 0.01 0.03 38 2 100
0.03 2000 25 25 30 0.01 0.02 39 1 52
0.08 79000 25 25 30 0.01 0.06 0 3 0
